decision:1
size:0
numberOfTrials:24
numberOfBlocks:3
numberOfInstances:24
reward_amount:[2,1,2,0.01,2,2,0.01,0.01,0.01,1,1,2,1,2,2,1,0.01,1,0.01,0.01,0.01,1,2,1,1,2,0.01,0.01,0.01,2,1,2,0.01,1,1,2,1,2,1,1,2,0.01,0.01,2,0.01,2,0.01,1,0.01,1,2,1,2,2,0.01,0.01,1,0.01,2,1,2,2,2,1,0.01,0.01,1,0.01,0.01,1,2,1]
cost_digits:[95804,974,29046,4,53014,79250,1,5,8,728,840,28164,812,78236,39401,476,2,156,3,9,3,659,97234,973,916,63940,6,5,8,87615,352,28719,9,140,851,95172,732,94105,927,546,25937,5,2,12490,3,67452,3,871,6,295,53187,639,63478,32176,5,9,408,1,96358,179,27814,50142,18274,971,4,2,534,2,6,742,17302,917]
instanceRandomization:[4,2,5,19,15,22,9,6,13,12,17,20,10,16,1,18,7,23,14,8,24,11,21,3,19,24,17,4,2,18,16,14,23,20,8,7,5,11,21,9,6,3,22,12,15,10,1,13,16,14,13,15,2,19,21,18,1,11,9,6,23,3,8,24,5,10,7,12,20,22,17,4]
cost:0
reward:1
