decision:1
size:0
numberOfTrials:24
numberOfBlocks:3
numberOfInstances:24
reward_amount:[0.01,0.01,1,2,0.01,2,0.01,0.01,0.01,1,1,1,1,1,1,1,0.01,2,2,2,2,2,0.01,2,1,0.01,1,2,0.01,0.01,1,1,2,1,2,1,0.01,0.01,1,2,2,2,2,0.01,0.01,1,2,0.01,0.01,0.01,1,2,1,0.01,0.01,2,0.01,1,0.01,0.01,1,2,0.01,2,2,1,2,2,1,1,2,1]
cost_digits:[5,3,840,87615,3,18274,3,4,1,871,179,742,927,659,916,728,9,78236,95172,67452,50142,39401,6,63478,476,8,971,96358,5,2,973,295,32176,408,28164,732,1,6,352,25937,27814,53187,12490,2,2,639,95804,9,5,8,917,29046,851,3,4,28719,2,812,6,5,546,94105,9,97234,17302,974,63940,79250,140,534,53014,156]
instanceRandomization:[4,24,17,18,15,8,14,5,9,13,6,22,21,11,19,12,23,16,7,10,3,1,20,2,18,2,24,9,21,22,3,14,19,1,20,5,11,17,16,6,23,13,12,7,10,15,4,8,3,13,4,5,8,1,19,14,12,10,16,6,9,11,18,21,17,2,24,22,20,7,15,23]
cost:0
reward:1
