decision:1
size:0
numberOfTrials:24
numberOfBlocks:3
numberOfInstances:24
reward_amount:[2,0.01,1,0.01,2,0.01,1,0.01,2,1,0.01,1,1,2,1,0.01,2,0.01,1,1,0.01,2,2,2,1,0.01,0.01,2,0.01,1,2,2,0.01,1,0.01,1,2,2,2,0.01,1,1,0.01,1,0.01,2,1,2,1,2,0.01,2,2,1,1,0.01,0.01,2,0.01,2,2,0.01,2,1,1,1,1,0.01,0.01,2,1,0.01]
cost_digits:[67452,5,156,3,25937,1,971,3,78236,973,4,476,140,96358,728,5,29046,9,871,974,3,17302,95172,79250,659,2,2,87615,6,639,53187,97234,1,812,6,534,95804,50142,27814,6,732,179,8,916,3,18274,408,28719,352,12490,4,53014,63478,927,546,5,8,39401,2,28164,63940,9,94105,917,840,742,295,5,2,32176,851,9]
instanceRandomization:[10,21,23,1,6,11,24,15,16,3,19,18,20,9,12,4,5,8,13,2,14,17,7,22,11,22,12,18,16,15,13,21,9,10,17,7,4,3,23,20,5,6,2,19,24,8,1,14,16,12,5,15,2,21,9,3,13,1,10,20,24,18,11,4,17,22,14,6,7,19,8,23]
cost:0
reward:1
