decision:1
size:0
numberOfTrials:24
numberOfBlocks:3
numberOfInstances:24
reward_amount:[2,1,1,2,0.01,1,1,0.01,0.01,0.01,1,2,2,0.01,0.01,1,1,2,2,2,2,1,0.01,0.01,1,0.01,1,1,2,2,0.01,2,0.01,0.01,0.01,0.01,0.01,1,2,2,2,2,0.01,2,1,1,1,1,1,0.01,1,1,1,0.01,0.01,2,1,2,0.01,0.01,1,2,0.01,0.01,1,2,1,2,2,0.01,2,2]
cost_digits:[63478,476,179,97234,5,812,917,4,3,2,728,39401,78236,3,2,840,295,53187,94105,27814,96358,732,6,9,973,6,659,916,87615,95804,9,28164,4,2,8,3,5,546,17302,63940,25937,95172,2,18274,639,408,974,742,927,9,851,156,352,3,6,50142,971,79250,5,1,871,12490,8,5,140,53014,534,28719,67452,1,32176,29046]
instanceRandomization:[2,18,6,21,3,10,4,19,15,22,12,1,16,24,7,17,14,13,11,23,9,5,20,8,3,16,11,19,18,4,23,20,5,10,13,14,21,9,17,24,6,7,12,8,15,1,2,22,21,18,8,23,16,1,17,3,24,22,6,9,13,12,2,4,20,15,7,14,10,11,19,5]
cost:0
reward:1
