decision:1
size:0
numberOfTrials:24
numberOfBlocks:3
numberOfInstances:24
reward_amount:[0.01,1,2,2,1,0.01,1,1,2,1,2,0.01,2,1,1,2,2,1,0.01,0.01,0.01,0.01,0.01,2,2,1,0.01,2,2,1,2,0.01,2,1,0.01,0.01,1,0.01,1,2,1,2,1,0.01,1,2,0.01,0.01,2,0.01,1,1,0.01,0.01,2,0.01,1,1,0.01,2,1,1,2,1,2,0.01,2,2,0.01,2,0.01,1]
cost_digits:[5,728,67452,97234,971,2,840,156,18274,534,39401,4,95804,973,476,53014,28719,659,8,6,8,4,1,78236,28164,732,9,95172,96358,974,32176,2,79250,812,6,3,408,3,927,17302,871,87615,179,5,295,94105,9,5,25937,2,639,140,3,9,50142,6,742,916,3,29046,352,546,27814,917,53187,1,63478,12490,2,63940,5,851]
instanceRandomization:[6,12,10,21,24,22,17,23,8,7,1,5,4,3,18,15,14,11,13,20,2,19,9,16,20,5,8,7,9,2,19,12,22,10,16,15,1,24,21,17,13,18,6,4,14,11,23,3,6,10,15,20,14,18,3,17,22,19,1,5,16,9,23,4,13,11,2,12,7,24,21,8]
cost:0
reward:1
