decision:1
size:0
numberOfTrials:24
numberOfBlocks:3
numberOfInstances:24
reward_amount:[2,0.01,1,0.01,0.01,0.01,0.01,0.01,2,2,2,1,2,1,0.01,1,2,1,2,2,1,0.01,1,1,2,0.01,1,2,2,1,1,0.01,0.01,1,0.01,0.01,0.01,1,2,2,1,2,0.01,1,0.01,2,2,1,0.01,0.01,2,0.01,0.01,0.01,2,1,1,2,1,2,1,0.01,2,1,0.01,1,1,2,2,1,0.01,2]
cost_digits:[79250,4,871,5,9,5,3,3,63478,27814,17302,973,67452,408,1,295,29046,534,87615,28164,917,2,659,352,96358,5,140,97234,94105,179,742,9,4,476,8,6,6,639,95172,39401,851,28719,2,974,5,63940,32176,728,2,3,12490,1,6,9,50142,971,156,78236,732,53014,927,2,53187,546,3,840,916,18274,25937,812,8,95804]
instanceRandomization:[22,19,13,6,8,21,24,15,2,23,17,3,10,1,9,14,5,7,18,20,4,12,11,16,9,4,20,21,11,6,22,23,5,18,13,17,16,15,7,1,8,14,10,2,3,24,19,12,22,14,12,11,20,18,3,24,23,16,5,15,21,7,13,9,1,17,19,8,6,10,2,4]
cost:0
reward:1
