decision:1
size:0
numberOfTrials:24
numberOfBlocks:3
numberOfInstances:24
reward_amount:[2,0.01,0.01,2,0.01,0.01,1,1,0.01,1,1,1,0.01,0.01,2,2,1,2,1,2,2,2,0.01,1,1,0.01,2,0.01,2,1,2,1,0.01,0.01,2,2,1,1,0.01,0.01,1,2,2,0.01,0.01,1,2,1,1,2,1,2,0.01,2,2,0.01,2,1,1,1,0.01,2,0.01,1,0.01,1,1,0.01,2,0.01,0.01,2]
cost_digits:[96358,8,4,95804,2,3,916,156,8,352,179,408,9,1,50142,18274,927,63940,812,28164,53014,12490,6,742,971,5,27814,2,97234,140,17302,851,3,5,67452,28719,871,659,6,4,546,25937,29046,2,3,974,95172,476,295,87615,917,39401,9,32176,94105,6,63478,534,728,973,1,78236,9,732,5,639,840,5,53187,2,3,79250]
instanceRandomization:[9,13,5,4,7,14,19,23,2,16,6,1,18,11,3,8,21,24,10,20,15,12,17,22,24,4,23,12,21,20,17,8,15,3,10,14,13,11,16,19,9,6,5,22,1,2,7,18,14,18,4,1,8,19,11,20,2,7,12,3,9,16,23,5,6,15,17,21,13,10,24,22]
cost:0
reward:1
