decision:1
size:0
numberOfTrials:24
numberOfBlocks:3
numberOfInstances:24
reward_amount:[2,1,2,0.01,0.01,1,1,1,0.01,2,0.01,1,0.01,0.01,2,0.01,1,1,2,2,2,1,0.01,2,1,2,0.01,2,0.01,1,0.01,1,1,2,2,0.01,0.01,2,0.01,1,1,2,0.01,2,0.01,1,1,2,0.01,1,2,0.01,2,2,1,0.01,2,0.01,0.01,1,1,1,2,1,1,1,0.01,2,2,0.01,2,0.01]
cost_digits:[29046,476,53014,3,2,927,916,140,6,17302,2,546,8,5,95172,5,728,851,50142,53187,28719,659,9,39401,742,27814,2,94105,2,812,4,871,917,96358,28164,5,3,63940,3,408,352,18274,9,63478,5,732,840,25937,8,973,97234,4,78236,79250,971,6,95804,1,9,974,179,534,67452,295,639,156,3,32176,87615,6,12490,1]
instanceRandomization:[5,18,15,24,22,21,19,20,16,17,10,9,2,4,7,6,12,8,3,13,14,11,23,1,22,23,12,11,7,10,19,13,4,9,20,21,14,24,15,1,16,8,18,2,3,5,17,6,13,3,21,5,16,22,24,17,4,11,8,2,6,7,10,14,15,23,1,19,18,20,12,9]
cost:0
reward:1
