decision:1
size:0
numberOfTrials:24
numberOfBlocks:3
numberOfInstances:24
reward_amount:[0.01,0.01,0.01,2,1,2,1,2,0.01,0.01,1,0.01,1,1,1,1,1,2,2,0.01,2,2,2,0.01,0.01,0.01,2,2,2,1,2,2,0.01,0.01,1,2,1,0.01,1,2,1,1,0.01,1,0.01,2,1,0.01,2,1,2,0.01,1,0.01,0.01,2,1,2,0.01,1,1,2,2,1,1,0.01,2,0.01,0.01,1,0.01,2]
cost_digits:[8,6,5,87615,840,97234,156,63940,5,1,851,2,534,408,916,659,728,95804,67452,6,28719,29046,63478,3,3,4,95172,28164,18274,639,39401,96358,9,2,295,25937,973,9,742,53187,917,352,1,812,5,32176,974,6,50142,927,78236,8,476,4,9,17302,546,27814,2,140,179,79250,94105,871,732,5,53014,3,2,971,3,12490]
instanceRandomization:[13,20,3,18,17,21,23,24,6,9,8,22,7,1,19,11,12,4,10,16,14,5,2,15,24,5,7,20,8,15,1,9,18,12,14,6,3,23,22,13,4,16,11,10,21,19,2,17,3,21,16,2,18,19,8,17,9,23,10,20,6,22,11,13,5,4,15,1,7,24,14,12]
cost:0
reward:1
