decision:1
size:0
numberOfTrials:24
numberOfBlocks:3
numberOfInstances:24
reward_amount:[2,0.01,0.01,1,1,2,1,0.01,2,2,0.01,1,2,2,2,0.01,0.01,0.01,2,1,0.01,1,1,1,2,1,1,0.01,2,1,0.01,2,1,2,2,1,1,1,2,2,0.01,2,0.01,0.01,0.01,0.01,0.01,1,0.01,1,1,1,2,1,2,2,2,0.01,0.01,1,1,2,0.01,0.01,0.01,1,0.01,2,0.01,2,2,1]
cost_digits:[28719,8,2,728,732,32176,659,5,63940,95804,9,927,96358,87615,17302,6,3,2,53014,352,5,812,156,871,94105,971,916,9,53187,534,2,27814,295,18274,63478,179,973,639,79250,29046,6,28164,6,5,1,2,5,408,3,840,917,851,95172,140,78236,97234,39401,1,8,476,546,25937,3,4,4,742,3,50142,9,12490,67452,974]
instanceRandomization:[14,2,7,12,5,19,11,6,24,4,8,21,9,18,17,20,1,22,15,16,3,10,23,13,11,24,19,18,13,7,10,23,14,8,2,6,3,15,22,5,16,20,17,4,9,12,21,1,24,17,4,8,7,20,16,21,1,11,13,18,9,6,14,19,5,22,15,3,23,12,10,2]
cost:0
reward:1
