decision:1
size:0
numberOfTrials:24
numberOfBlocks:3
numberOfInstances:24
reward_amount:[2,1,2,1,2,0.01,1,0.01,2,2,1,1,0.01,0.01,2,0.01,1,0.01,1,2,1,2,0.01,0.01,0.01,2,2,0.01,2,1,2,1,0.01,1,0.01,2,0.01,1,0.01,2,1,2,0.01,1,1,2,1,0.01,1,2,0.01,2,2,0.01,2,0.01,0.01,1,0.01,2,0.01,1,1,0.01,0.01,2,1,1,1,1,2,2]
cost_digits:[95172,295,29046,973,25937,1,352,5,18274,17302,156,476,5,2,39401,3,659,2,639,12490,916,53187,6,8,9,87615,27814,5,97234,534,79250,871,1,812,6,28719,4,728,3,78236,732,95804,5,140,974,63940,546,3,851,96358,9,67452,94105,6,53014,2,4,971,8,28164,9,840,917,2,3,63478,927,179,408,742,50142,32176]
instanceRandomization:[7,14,5,3,6,9,16,21,8,17,23,18,4,10,1,24,11,22,15,12,19,13,20,2,8,18,23,6,21,7,22,13,11,10,17,14,19,12,1,16,5,4,3,20,2,24,9,15,8,9,18,10,11,16,15,7,5,24,13,20,23,17,4,12,14,2,21,6,1,22,3,19]
cost:0
reward:1
