decision:1
size:0
numberOfTrials:24
numberOfBlocks:3
numberOfInstances:24
reward_amount:[2,0.01,1,0.01,2,0.01,2,2,2,0.01,0.01,2,1,2,0.01,1,1,0.01,1,1,1,1,0.01,2,2,0.01,2,2,1,0.01,1,2,2,2,0.01,0.01,0.01,1,1,0.01,0.01,1,2,2,1,1,1,0.01,1,2,0.01,0.01,1,2,1,0.01,0.01,2,2,2,2,0.01,1,1,2,2,0.01,0.01,0.01,1,1,1]
cost_digits:[63478,2,140,2,63940,2,79250,29046,53187,5,5,53014,840,50142,3,476,917,9,546,916,659,156,3,78236,27814,4,87615,17302,851,1,973,97234,12490,95804,8,1,4,812,639,8,2,295,25937,95172,352,971,408,6,728,39401,9,6,732,67452,534,9,5,32176,96358,28164,94105,5,871,742,18274,28719,3,6,3,927,179,974]
instanceRandomization:[2,10,20,7,24,12,22,5,13,21,6,15,17,3,14,18,4,8,9,19,11,23,1,16,23,19,18,17,8,11,3,21,12,4,13,9,5,10,15,2,22,14,6,7,16,24,1,20,12,1,18,16,5,10,7,23,4,19,9,20,11,3,13,22,8,14,24,17,15,21,6,2]
cost:0
reward:1
