decision:1
size:0
numberOfTrials:24
numberOfBlocks:3
numberOfInstances:24
reward_amount:[1,2,1,0.01,1,0.01,0.01,1,2,2,0.01,1,0.01,0.01,0.01,2,1,2,2,1,1,2,0.01,2,1,0.01,2,2,1,1,2,1,1,0.01,1,1,0.01,0.01,0.01,0.01,0.01,2,2,2,2,2,1,0.01,1,2,1,0.01,1,2,2,2,0.01,2,0.01,1,2,0.01,1,0.01,0.01,1,2,1,1,0.01,0.01,2]
cost_digits:[927,17302,732,2,179,3,1,534,95804,18274,3,639,3,8,2,94105,140,12490,87615,871,352,50142,4,27814,546,9,28719,95172,851,917,97234,476,974,2,408,973,6,4,6,8,1,63940,67452,25937,28164,79250,916,3,812,63478,840,5,971,78236,39401,32176,9,96358,9,156,29046,5,742,5,6,295,53014,728,659,2,5,53187]
instanceRandomization:[21,17,5,22,6,1,9,7,4,8,24,15,14,2,10,11,20,12,18,13,16,3,19,23,9,23,14,7,8,4,21,18,2,12,1,3,17,5,16,13,11,24,10,6,20,22,19,15,10,2,17,3,24,16,1,19,18,9,8,23,5,4,22,6,20,14,15,12,11,7,21,13]
cost:0
reward:1
