decision:1
size:0
numberOfTrials:24
numberOfBlocks:3
numberOfInstances:24
reward_amount:[0.01,1,0.01,2,0.01,1,0.01,1,2,1,0.01,0.01,0.01,2,1,2,1,2,2,0.01,1,1,2,2,2,2,0.01,1,1,0.01,2,0.01,1,1,1,2,0.01,0.01,0.01,2,1,2,2,2,0.01,1,0.01,1,2,1,0.01,1,0.01,0.01,1,2,2,1,2,0.01,1,2,0.01,2,2,0.01,1,0.01,2,1,0.01,1]
cost_digits:[3,917,4,39401,9,871,5,840,96358,851,2,2,3,28719,927,63478,659,78236,79250,9,916,973,28164,67452,50142,53014,3,974,546,6,32176,9,179,352,971,87615,3,6,8,97234,732,95172,95804,12490,1,156,2,812,53187,534,5,639,6,2,408,25937,27814,728,18274,8,742,94105,5,29046,63940,4,476,5,17302,295,1,140]
instanceRandomization:[24,4,5,1,23,13,6,17,9,8,7,12,15,14,21,2,11,16,22,18,19,3,20,10,3,15,14,2,9,17,19,8,6,16,24,18,1,20,13,21,5,7,4,12,11,23,22,10,13,7,4,15,16,10,1,6,23,12,8,2,22,11,21,5,24,19,18,3,17,14,9,20]
cost:0
reward:1
