decision:1
cost:0
reward:0
size:1
numberOfTrials:20
numberOfBlocks:4
numberOfInstances:80
reward_amount:[0.5,0.5,0.5,0.5,0.5,0.5,0.5,0.5,0.5,0.5,0.5,0.5,0.5,0.5,0.5,0.5,0.5,0.5,0.5,0.5,0.5,0.5,0.5,0.5,0.5,0.5,0.5,0.5,0.5,0.5,0.5,0.5,0.5,0.5,0.5,0.5,0.5,0.5,0.5,0.5,0.5,0.5,0.5,0.5,0.5,0.5,0.5,0.5,0.5,0.5,0.5,0.5,0.5,0.5,0.5,0.5,0.5,0.5,0.5,0.5,0.5,0.5,0.5,0.5,0.5,0.5,0.5,0.5,0.5,0.5,0.5,0.5,0.5,0.5,0.5,0.5,0.5,0.5,0.5,0.5]
cost_digits:[1,1,1,1,1,1,1,1,1,1,1,1,1,1,1,1,1,1,1,1,1,1,1,1,1,1,1,1,1,1,1,1,1,1,1,1,1,1,1,1,1,1,1,1,1,1,1,1,1,1,1,1,1,1,1,1,1,1,1,1,1,1,1,1,1,1,1,1,1,1,1,1,1,1,1,1,1,1,1,1]
instanceRandomization:[2,5,64,27,56,75,13,66,21,37,76,46,71,63,52,45,20,26,35,10,67,79,17,30,65,39,49,42,44,15,51,58,38,29,74,6,22,4,57,11,53,47,72,77,73,28,25,50,18,23,59,62,1,34,12,7,48,68,33,9,31,24,78,54,55,14,43,16,3,70,19,60,40,80,36,61,32,69,8,41]
