decision:1
cost:0
reward:0
size:1
numberOfTrials:20
numberOfBlocks:4
numberOfInstances:80
reward_amount:[0.5,0.5,0.5,0.5,0.5,0.5,0.5,0.5,0.5,0.5,0.5,0.5,0.5,0.5,0.5,0.5,0.5,0.5,0.5,0.5,0.5,0.5,0.5,0.5,0.5,0.5,0.5,0.5,0.5,0.5,0.5,0.5,0.5,0.5,0.5,0.5,0.5,0.5,0.5,0.5,0.5,0.5,0.5,0.5,0.5,0.5,0.5,0.5,0.5,0.5,0.5,0.5,0.5,0.5,0.5,0.5,0.5,0.5,0.5,0.5,0.5,0.5,0.5,0.5,0.5,0.5,0.5,0.5,0.5,0.5,0.5,0.5,0.5,0.5,0.5,0.5,0.5,0.5,0.5,0.5]
cost_digits:[1,1,1,1,1,1,1,1,1,1,1,1,1,1,1,1,1,1,1,1,1,1,1,1,1,1,1,1,1,1,1,1,1,1,1,1,1,1,1,1,1,1,1,1,1,1,1,1,1,1,1,1,1,1,1,1,1,1,1,1,1,1,1,1,1,1,1,1,1,1,1,1,1,1,1,1,1,1,1,1]
instanceRandomization:[49,10,14,68,2,18,77,29,50,58,45,40,44,28,57,73,22,69,8,35,34,72,66,75,63,64,46,48,80,30,53,26,11,6,36,15,54,7,21,20,33,78,39,76,31,51,4,47,1,71,13,17,42,12,65,19,25,56,61,60,79,70,52,5,3,43,16,32,67,9,38,41,37,27,74,24,62,23,55,59]
