decision:1
cost:0
reward:0
size:1
numberOfTrials:20
numberOfBlocks:4
numberOfInstances:80
reward_amount:[0.5,0.5,0.5,0.5,0.5,0.5,0.5,0.5,0.5,0.5,0.5,0.5,0.5,0.5,0.5,0.5,0.5,0.5,0.5,0.5,0.5,0.5,0.5,0.5,0.5,0.5,0.5,0.5,0.5,0.5,0.5,0.5,0.5,0.5,0.5,0.5,0.5,0.5,0.5,0.5,0.5,0.5,0.5,0.5,0.5,0.5,0.5,0.5,0.5,0.5,0.5,0.5,0.5,0.5,0.5,0.5,0.5,0.5,0.5,0.5,0.5,0.5,0.5,0.5,0.5,0.5,0.5,0.5,0.5,0.5,0.5,0.5,0.5,0.5,0.5,0.5,0.5,0.5,0.5,0.5]
cost_digits:[1,1,1,1,1,1,1,1,1,1,1,1,1,1,1,1,1,1,1,1,1,1,1,1,1,1,1,1,1,1,1,1,1,1,1,1,1,1,1,1,1,1,1,1,1,1,1,1,1,1,1,1,1,1,1,1,1,1,1,1,1,1,1,1,1,1,1,1,1,1,1,1,1,1,1,1,1,1,1,1]
instanceRandomization:[24,58,78,19,4,41,30,14,54,39,69,1,38,56,71,31,9,57,43,76,18,23,25,63,10,55,5,77,48,27,59,73,2,66,72,35,49,13,33,45,37,16,53,12,36,44,7,62,6,17,51,28,67,74,60,68,79,32,21,42,29,50,46,8,80,61,65,34,52,26,40,15,75,47,11,3,70,22,20,64]
