decision:1
cost:0
reward:0
size:1
numberOfTrials:20
numberOfBlocks:4
numberOfInstances:80
reward_amount:[0.5,0.5,0.5,0.5,0.5,0.5,0.5,0.5,0.5,0.5,0.5,0.5,0.5,0.5,0.5,0.5,0.5,0.5,0.5,0.5,0.5,0.5,0.5,0.5,0.5,0.5,0.5,0.5,0.5,0.5,0.5,0.5,0.5,0.5,0.5,0.5,0.5,0.5,0.5,0.5,0.5,0.5,0.5,0.5,0.5,0.5,0.5,0.5,0.5,0.5,0.5,0.5,0.5,0.5,0.5,0.5,0.5,0.5,0.5,0.5,0.5,0.5,0.5,0.5,0.5,0.5,0.5,0.5,0.5,0.5,0.5,0.5,0.5,0.5,0.5,0.5,0.5,0.5,0.5,0.5]
cost_digits:[1,1,1,1,1,1,1,1,1,1,1,1,1,1,1,1,1,1,1,1,1,1,1,1,1,1,1,1,1,1,1,1,1,1,1,1,1,1,1,1,1,1,1,1,1,1,1,1,1,1,1,1,1,1,1,1,1,1,1,1,1,1,1,1,1,1,1,1,1,1,1,1,1,1,1,1,1,1,1,1]
instanceRandomization:[21,26,20,34,29,56,43,57,9,45,12,69,58,2,54,79,80,66,37,7,70,73,31,53,44,51,6,28,65,77,63,59,16,18,1,17,33,39,42,10,78,30,19,62,50,46,61,52,27,71,41,3,67,75,40,23,13,14,38,5,15,11,8,60,55,24,32,36,25,74,47,72,4,76,48,68,22,64,35,49]
