decision:1
cost:0
reward:0
size:1
numberOfTrials:20
numberOfBlocks:4
numberOfInstances:80
reward_amount:[0.5,0.5,0.5,0.5,0.5,0.5,0.5,0.5,0.5,0.5,0.5,0.5,0.5,0.5,0.5,0.5,0.5,0.5,0.5,0.5,0.5,0.5,0.5,0.5,0.5,0.5,0.5,0.5,0.5,0.5,0.5,0.5,0.5,0.5,0.5,0.5,0.5,0.5,0.5,0.5,0.5,0.5,0.5,0.5,0.5,0.5,0.5,0.5,0.5,0.5,0.5,0.5,0.5,0.5,0.5,0.5,0.5,0.5,0.5,0.5,0.5,0.5,0.5,0.5,0.5,0.5,0.5,0.5,0.5,0.5,0.5,0.5,0.5,0.5,0.5,0.5,0.5,0.5,0.5,0.5]
cost_digits:[1,1,1,1,1,1,1,1,1,1,1,1,1,1,1,1,1,1,1,1,1,1,1,1,1,1,1,1,1,1,1,1,1,1,1,1,1,1,1,1,1,1,1,1,1,1,1,1,1,1,1,1,1,1,1,1,1,1,1,1,1,1,1,1,1,1,1,1,1,1,1,1,1,1,1,1,1,1,1,1]
instanceRandomization:[38,27,73,58,44,35,72,17,55,13,48,61,3,65,4,80,49,11,31,19,51,46,76,15,40,79,70,29,63,8,24,68,34,47,20,6,26,60,50,9,25,57,10,69,14,33,64,23,43,52,7,78,36,77,67,42,2,53,21,28,1,54,71,39,5,12,66,41,59,37,56,74,32,22,30,45,75,16,62,18]
