decision:1
size:0
numberOfTrials:24
numberOfBlocks:3
numberOfInstances:24
reward_amount:[0.01,1,1,0.01,1,0.01,0.01,1,1,2,1,2,1,2,0.01,0.01,2,2,1,2,2,0.01,2,0.01,2,2,1,2,1,1,0.01,1,1,2,2,0.01,2,0.01,0.01,1,0.01,1,0.01,0.01,0.01,1,2,2,2,2,2,0.01,1,1,0.01,1,2,1,2,1,1,0.01,2,0.01,0.01,0.01,0.01,2,0.01,1,1,2]
cost_digits:[2,534,639,2,916,3,4,140,156,78236,971,63478,917,87615,1,5,17302,97234,851,39401,12490,1,53187,5,94105,79250,732,96358,927,973,2,179,352,67452,53014,2,28164,8,8,408,6,295,4,5,9,476,18274,63940,95172,27814,29046,9,974,742,5,546,25937,659,95804,840,728,3,28719,3,9,3,6,32176,6,812,871,50142]
instanceRandomization:[10,7,15,22,19,14,5,20,23,16,24,2,4,18,11,6,17,21,8,1,12,9,13,3,11,22,5,9,21,3,12,6,16,10,15,7,20,2,13,1,17,14,19,4,23,18,8,24,7,23,5,8,2,22,21,9,6,11,4,17,12,1,14,15,18,24,16,19,20,10,13,3]
cost:0
reward:1
