decision:1
size:0
numberOfTrials:24
numberOfBlocks:3
numberOfInstances:24
reward_amount:[0.01,2,0.01,0.01,2,1,1,0.01,2,1,2,2,1,0.01,0.01,1,1,2,0.01,2,0.01,1,1,2,2,0.01,0.01,1,1,0.01,1,2,2,1,2,2,0.01,0.01,2,2,0.01,2,1,1,0.01,0.01,1,1,1,0.01,2,2,0.01,1,1,2,2,0.01,2,0.01,2,1,1,1,0.01,2,1,0.01,1,0.01,0.01,2]
cost_digits:[1,39401,6,5,67452,974,971,1,12490,534,53014,78236,916,8,9,295,927,79250,5,25937,4,140,156,87615,95172,6,8,352,871,9,639,28719,17302,851,97234,63940,2,2,95804,96358,3,29046,476,973,4,5,659,728,732,2,53187,28164,2,742,840,94105,63478,5,18274,6,50142,408,812,546,3,27814,179,3,917,9,3,32176]
instanceRandomization:[11,1,17,3,10,2,24,9,12,7,15,16,19,13,8,14,21,22,4,6,5,20,23,18,7,20,2,16,13,23,15,14,17,8,21,24,22,10,4,9,1,5,18,3,19,6,11,12,5,12,13,20,7,22,17,11,2,21,8,16,3,1,10,9,14,23,6,15,4,18,24,19]
cost:0
reward:1
