decision:1
size:0
numberOfTrials:24
numberOfBlocks:3
numberOfInstances:24
reward_amount:[2,2,0.01,2,0.01,0.01,2,0.01,1,2,2,1,1,0.01,1,2,1,0.01,0.01,0.01,2,1,1,1,1,1,0.01,0.01,0.01,2,0.01,1,2,2,2,0.01,1,2,0.01,2,2,0.01,1,0.01,2,1,1,1,1,1,0.01,2,0.01,1,0.01,0.01,0.01,2,1,0.01,2,0.01,2,2,2,1,2,1,2,0.01,1,1]
cost_digits:[29046,67452,1,63478,9,3,12490,9,851,39401,50142,871,840,4,179,53014,546,2,5,6,95172,927,352,295,156,476,8,9,5,17302,6,534,96358,25937,94105,5,639,28719,3,28164,63940,8,916,2,95804,742,728,732,659,971,3,79250,3,408,6,2,4,87615,917,1,18274,2,27814,78236,97234,140,32176,812,53187,5,974,973]
instanceRandomization:[5,10,11,2,18,24,12,23,8,1,3,13,17,19,6,15,9,22,4,20,7,21,16,14,23,18,13,8,21,17,16,7,9,6,11,3,15,14,1,20,24,2,19,10,4,22,12,5,11,24,15,22,14,1,17,7,5,18,4,9,8,12,23,16,21,20,19,10,13,6,2,3]
cost:0
reward:1
