decision:1
size:0
numberOfTrials:24
numberOfBlocks:3
numberOfInstances:24
reward_amount:[2,0.01,1,1,1,2,1,0.01,0.01,1,2,1,0.01,2,2,0.01,2,1,0.01,2,1,2,0.01,0.01,1,2,2,0.01,0.01,1,1,2,1,0.01,1,2,0.01,2,1,0.01,0.01,2,2,0.01,1,0.01,2,1,2,2,2,0.01,0.01,1,1,1,2,0.01,0.01,1,1,0.01,0.01,1,0.01,1,0.01,2,1,2,2,2]
cost_digits:[53014,3,546,851,812,29046,295,6,2,973,63478,179,4,94105,12490,9,39401,352,9,28164,871,79250,5,5,840,87615,50142,8,3,742,732,27814,917,1,534,25937,3,78236,140,3,8,63940,67452,9,659,2,32176,927,95804,28719,97234,2,4,408,728,916,17302,6,6,156,971,2,1,974,5,639,5,95172,476,18274,96358,53187]
instanceRandomization:[15,24,9,8,10,5,14,17,7,3,2,6,19,11,12,23,1,16,18,20,13,22,21,4,17,18,3,2,15,22,5,23,4,9,7,6,1,16,20,14,13,24,10,8,11,12,19,21,4,14,21,22,5,1,12,19,17,20,16,23,24,10,11,2,6,15,3,7,18,8,9,13]
cost:0
reward:1
