decision:1
size:0
numberOfTrials:24
numberOfBlocks:3
numberOfInstances:24
reward_amount:[1,2,1,2,0.01,1,0.01,0.01,0.01,1,0.01,2,0.01,2,1,2,1,2,0.01,2,1,0.01,2,1,1,2,2,2,0.01,1,0.01,0.01,0.01,0.01,2,1,0.01,2,1,2,0.01,1,1,1,2,1,0.01,2,0.01,0.01,0.01,0.01,0.01,1,0.01,1,2,2,1,2,2,1,2,1,2,0.01,0.01,1,1,2,1,2]
cost_digits:[352,53187,851,25937,2,408,9,1,4,840,2,63478,9,28164,742,28719,812,97234,1,50142,916,3,95804,639,156,39401,67452,63940,3,871,8,2,6,5,96358,179,9,32176,973,78236,5,659,728,534,87615,295,6,29046,3,2,6,8,3,927,5,140,79250,18274,732,94105,53014,546,17302,476,27814,4,5,971,974,95172,917,12490]
instanceRandomization:[16,13,8,6,7,1,23,11,5,17,12,2,18,20,22,14,10,21,9,3,19,24,4,15,23,1,10,24,15,13,2,22,20,4,9,6,8,19,3,16,21,11,12,7,18,14,17,5,1,10,16,13,14,21,6,20,22,8,5,11,15,9,17,18,23,19,3,24,2,7,4,12]
cost:0
reward:1
