decision:1
size:0
numberOfTrials:24
numberOfBlocks:3
numberOfInstances:24
reward_amount:[0.01,2,0.01,0.01,0.01,1,1,1,2,1,0.01,2,1,1,1,2,2,2,2,2,0.01,0.01,1,0.01,2,2,0.01,0.01,1,2,2,0.01,2,0.01,1,2,1,0.01,1,2,0.01,1,2,0.01,1,1,1,0.01,0.01,1,2,2,0.01,0.01,2,0.01,2,1,0.01,1,2,2,0.01,1,1,2,2,1,0.01,1,0.01,1]
cost_digits:[3,28719,1,5,8,974,534,352,97234,973,2,18274,840,408,812,12490,25937,28164,29046,27814,3,1,476,4,78236,63940,6,9,659,39401,63478,6,53187,2,927,67452,546,9,639,32176,5,917,79250,4,156,295,179,2,5,971,17302,96358,8,2,87615,3,95804,140,3,916,50142,94105,9,871,851,53014,95172,728,5,742,6,732]
instanceRandomization:[24,14,9,4,13,2,7,16,21,3,22,8,17,1,10,12,6,20,5,23,15,11,18,19,16,24,17,18,11,1,2,20,13,7,21,10,9,8,15,19,3,4,22,5,23,14,6,12,21,24,17,9,2,10,18,14,4,20,1,19,3,11,23,13,8,15,7,12,6,22,16,5]
cost:0
reward:1
