decision:1
size:0
numberOfTrials:24
numberOfBlocks:3
numberOfInstances:24
reward_amount:[0.01,0.01,0.01,0.01,2,2,2,1,2,1,0.01,2,1,1,1,2,2,2,0.01,0.01,1,0.01,1,1,0.01,0.01,0.01,2,1,1,2,2,1,2,0.01,1,1,1,1,2,0.01,2,2,1,0.01,0.01,0.01,2,2,1,0.01,0.01,2,0.01,2,1,1,0.01,2,1,0.01,0.01,2,1,0.01,1,2,2,1,0.01,1,2]
cost_digits:[8,2,5,3,78236,67452,39401,179,27814,728,9,63478,742,659,927,29046,63940,32176,9,5,840,3,546,140,1,6,3,28719,534,871,79250,17302,916,95804,6,476,639,812,156,18274,4,50142,25937,971,8,1,2,97234,12490,732,9,4,95172,5,87615,352,851,5,96358,974,2,6,94105,408,3,295,53187,53014,917,2,973,28164]
instanceRandomization:[13,7,4,15,16,10,1,6,23,12,8,2,22,11,21,5,24,19,18,3,17,14,9,20,11,20,1,14,7,13,22,17,19,4,16,18,15,10,23,8,5,3,6,24,2,9,12,21,12,5,23,19,7,6,18,16,8,21,9,2,22,17,11,1,24,14,13,15,4,10,3,20]
cost:0
reward:1
