decision:1
size:0
numberOfTrials:24
numberOfBlocks:3
numberOfInstances:24
reward_amount:[0.01,2,2,2,0.01,0.01,0.01,2,1,1,1,2,0.01,0.01,1,2,1,0.01,0.01,1,1,2,2,1,2,1,0.01,1,0.01,0.01,2,0.01,1,0.01,2,2,2,2,0.01,0.01,1,1,0.01,1,1,1,2,2,1,1,0.01,0.01,1,2,1,0.01,0.01,2,1,1,2,2,2,0.01,0.01,1,0.01,2,2,0.01,1,2]
cost_digits:[5,27814,28719,53187,6,4,2,94105,732,851,352,67452,3,2,973,96358,974,5,5,476,728,63940,17302,408,95172,927,3,840,8,2,25937,1,812,3,39401,29046,95804,32176,9,5,140,742,9,546,156,639,63478,78236,659,534,2,6,179,97234,916,3,9,18274,971,295,28164,79250,50142,8,1,871,6,87615,12490,4,917,53014]
instanceRandomization:[21,23,14,13,20,19,22,11,5,8,16,10,15,7,3,9,2,4,6,18,12,24,17,1,7,21,24,17,13,12,6,11,10,14,1,5,4,19,8,3,20,22,18,9,23,15,2,16,11,7,10,17,6,21,19,1,23,8,24,14,20,22,3,2,9,13,16,18,12,5,4,15]
cost:0
reward:1
