decision:1
size:0
numberOfTrials:24
numberOfBlocks:3
numberOfInstances:24
reward_amount:[1,0.01,0.01,0.01,1,1,2,1,2,2,0.01,0.01,1,2,1,0.01,1,0.01,2,2,1,0.01,2,2,0.01,0.01,2,2,0.01,1,1,0.01,1,1,2,0.01,0.01,2,2,0.01,0.01,1,1,1,1,2,2,2,0.01,0.01,2,2,1,0.01,2,1,2,2,2,0.01,0.01,2,1,1,0.01,0.01,0.01,1,2,1,1,1]
cost_digits:[179,9,6,5,534,659,28719,973,63478,18274,4,3,840,27814,742,2,352,3,67452,97234,408,4,53187,96358,5,9,12490,78236,9,732,476,1,974,546,32176,2,2,39401,17302,5,2,871,140,639,295,63940,25937,95804,6,6,87615,95172,728,5,94105,156,53014,29046,28164,1,3,79250,916,917,8,3,8,971,50142,927,851,812]
instanceRandomization:[6,18,20,4,7,11,14,3,2,8,5,15,17,23,22,12,16,24,10,21,1,19,13,9,3,23,12,16,8,5,18,11,2,9,19,22,7,1,17,21,10,13,20,15,14,24,6,4,17,16,18,7,12,6,11,23,15,5,20,9,1,22,19,4,13,14,2,24,3,21,8,10]
cost:0
reward:1
