decision:1
size:0
numberOfTrials:24
numberOfBlocks:3
numberOfInstances:24
reward_amount:[2,2,1,1,2,1,0.01,0.01,2,2,0.01,0.01,0.01,0.01,1,1,2,0.01,0.01,1,1,1,2,2,2,2,0.01,1,1,1,2,2,2,0.01,2,0.01,2,1,0.01,1,0.01,0.01,1,1,1,0.01,0.01,2,1,2,1,2,1,1,2,1,0.01,2,0.01,0.01,2,0.01,1,0.01,2,0.01,0.01,1,0.01,2,2,1]
cost_digits:[25937,79250,732,916,96358,974,8,3,95172,28164,2,9,1,6,973,917,78236,3,3,927,851,295,67452,87615,97234,53014,9,352,728,812,32176,95804,28719,9,39401,8,27814,534,5,840,6,4,971,871,742,1,5,94105,659,63940,140,18274,408,476,50142,156,2,17302,5,4,63478,6,179,2,53187,5,3,546,2,12490,29046,639]
instanceRandomization:[6,22,5,19,9,2,13,1,7,20,12,23,11,17,3,4,16,24,15,21,8,14,10,18,21,15,18,16,12,10,19,4,14,8,1,2,23,7,3,17,20,5,24,13,22,9,6,11,11,24,20,8,1,18,3,23,7,17,21,19,2,16,6,22,13,4,14,9,10,12,5,15]
cost:0
reward:1
