decision:1
size:0
numberOfTrials:24
numberOfBlocks:3
numberOfInstances:24
reward_amount:[2,1,0.01,0.01,0.01,2,2,2,1,0.01,2,1,0.01,1,1,0.01,1,2,1,2,2,1,0.01,0.01,2,2,2,2,0.01,0.01,0.01,1,0.01,1,1,1,2,2,0.01,0.01,0.01,1,1,1,1,2,0.01,2,0.01,1,2,0.01,1,0.01,1,1,2,2,2,0.01,1,0.01,2,1,2,2,1,0.01,0.01,0.01,2,1]
cost_digits:[25937,917,8,9,6,28719,32176,94105,476,3,63940,534,2,927,352,1,974,29046,639,79250,50142,728,6,9,27814,95172,17302,53014,4,1,9,408,3,140,916,742,53187,63478,2,5,6,851,812,295,973,96358,5,97234,5,871,67452,3,156,3,840,179,12490,78236,28164,8,659,4,39401,971,95804,18274,546,2,5,2,87615,732]
instanceRandomization:[6,4,13,8,17,14,19,11,18,1,24,7,10,21,16,9,2,5,15,22,3,12,20,23,23,7,17,15,5,11,18,1,24,20,19,22,13,2,12,4,16,8,10,14,3,9,6,21,3,13,10,15,23,14,17,6,12,16,20,2,11,19,1,24,4,8,9,7,21,22,18,5]
cost:0
reward:1
