decision:1
size:0
numberOfTrials:24
numberOfBlocks:3
numberOfInstances:24
reward_amount:[0.01,1,2,0.01,2,2,1,2,0.01,0.01,0.01,0.01,1,1,1,1,2,0.01,2,2,0.01,1,1,2,1,0.01,2,1,0.01,2,1,0.01,0.01,2,0.01,0.01,2,2,2,1,1,2,0.01,1,1,0.01,2,1,2,1,0.01,1,0.01,0.01,2,0.01,0.01,1,0.01,2,0.01,2,1,2,1,1,0.01,1,2,2,2,1]
cost_digits:[9,352,50142,3,97234,96358,974,95172,4,3,4,3,659,140,639,728,17302,9,25937,67452,8,917,742,87615,916,9,29046,156,5,78236,971,2,8,53187,6,6,28719,95804,79250,534,812,39401,1,179,546,5,53014,851,63940,871,2,973,2,6,28164,2,3,476,1,32176,5,12490,408,94105,295,840,5,732,27814,63478,18274,927]
instanceRandomization:[8,16,3,1,21,9,2,7,19,14,5,24,11,20,15,12,17,23,6,10,13,4,22,18,19,18,5,23,21,16,24,12,2,13,17,20,14,4,22,7,10,1,11,6,9,3,15,8,24,13,10,3,22,16,20,7,15,18,9,19,6,12,1,11,14,17,4,5,23,2,8,21]
cost:0
reward:1
