decision:1
size:0
numberOfTrials:24
numberOfBlocks:3
numberOfInstances:24
reward_amount:[0.01,0.01,2,2,1,2,1,1,0.01,0.01,1,0.01,1,2,0.01,0.01,2,1,1,0.01,2,2,2,1,0.01,0.01,0.01,1,2,2,0.01,0.01,2,2,2,0.01,0.01,2,1,0.01,1,2,1,2,1,1,1,1,2,2,2,1,1,2,2,0.01,0.01,2,1,2,1,2,0.01,0.01,1,0.01,0.01,0.01,1,0.01,1,1]
cost_digits:[6,3,27814,29046,916,50142,639,179,8,2,974,1,352,28719,5,2,39401,840,534,1,79250,18274,97234,476,4,2,6,408,95172,67452,9,8,53187,95804,25937,9,3,17302,971,4,973,53014,140,12490,546,927,659,156,28164,63478,63940,732,851,78236,32176,3,5,87615,742,96358,917,94105,6,5,871,9,2,5,812,3,728,295]
instanceRandomization:[20,24,23,5,19,3,15,6,13,12,2,9,16,14,4,10,1,17,7,11,22,8,21,18,5,22,16,1,7,10,8,2,13,4,6,18,14,17,24,19,3,15,20,12,9,21,11,23,20,2,24,5,8,16,19,15,21,18,22,9,4,11,17,6,13,23,7,3,10,1,12,14]
cost:0
reward:1
