decision:1
size:0
numberOfTrials:24
numberOfBlocks:3
numberOfInstances:24
reward_amount:[0.01,2,2,1,2,1,2,0.01,0.01,1,0.01,2,1,0.01,0.01,1,0.01,2,1,1,0.01,2,1,2,1,0.01,2,2,1,2,1,1,0.01,0.01,0.01,2,1,2,1,0.01,2,0.01,0.01,1,1,2,2,0.01,1,2,1,1,0.01,1,0.01,0.01,2,1,2,1,2,1,0.01,1,0.01,2,2,0.01,2,2,0.01,0.01]
cost_digits:[5,17302,53187,812,79250,916,94105,2,3,971,6,39401,851,4,1,974,5,87615,639,917,9,25937,352,95172,295,6,27814,67452,742,53014,546,659,8,4,5,50142,732,18274,927,8,12490,5,2,476,408,63940,28164,6,973,78236,156,140,2,179,9,3,63478,871,96358,728,97234,840,2,534,1,29046,32176,3,95804,28719,9,3]
instanceRandomization:[3,17,13,10,22,19,11,12,14,24,20,1,8,5,9,2,21,18,15,4,23,6,16,7,14,17,23,10,22,15,9,11,2,19,6,3,5,8,21,13,12,4,7,18,1,24,20,16,3,16,23,20,10,6,8,15,2,13,9,12,21,17,22,7,11,5,19,24,4,14,18,1]
cost:0
reward:1
