decision:1
size:0
numberOfTrials:24
numberOfBlocks:3
numberOfInstances:24
reward_amount:[2,1,1,1,2,1,2,1,2,2,0.01,2,2,0.01,1,0.01,2,0.01,0.01,0.01,1,1,0.01,0.01,0.01,2,1,0.01,0.01,0.01,1,1,1,1,0.01,0.01,2,2,2,2,2,0.01,1,2,1,0.01,1,2,0.01,2,2,2,0.01,0.01,0.01,1,2,1,0.01,2,0.01,0.01,1,1,1,1,2,2,2,1,0.01,1]
cost_digits:[32176,352,973,639,28164,840,53187,812,96358,39401,4,95172,94105,9,917,2,27814,8,3,5,295,742,5,9,1,28719,871,6,6,9,971,140,927,728,2,5,53014,50142,18274,79250,25937,4,732,63478,546,3,534,87615,8,12490,17302,63940,5,2,1,179,78236,916,3,29046,3,2,476,659,156,408,67452,97234,95804,851,6,974]
instanceRandomization:[19,16,3,15,20,17,13,10,9,1,5,7,11,18,4,12,23,2,24,6,14,22,21,8,11,14,13,16,17,23,24,20,21,12,10,4,15,3,8,22,6,19,5,2,9,1,7,18,13,12,17,24,3,7,9,6,16,19,15,5,14,22,18,11,23,1,10,21,4,8,20,2]
cost:0
reward:1
