decision:1
size:0
numberOfTrials:24
numberOfBlocks:3
numberOfInstances:24
reward_amount:[1,2,2,1,0.01,2,2,1,1,2,0.01,1,0.01,1,1,0.01,0.01,0.01,2,2,0.01,0.01,1,2,0.01,1,1,1,0.01,0.01,2,1,2,2,0.01,2,2,1,1,2,2,1,0.01,2,0.01,0.01,0.01,1,2,1,1,0.01,2,0.01,0.01,1,2,1,0.01,1,2,0.01,1,0.01,0.01,2,0.01,2,1,1,2,2]
cost_digits:[295,67452,12490,871,1,25937,95804,732,352,94105,3,916,2,140,927,8,2,3,17302,27814,5,9,851,53014,5,476,973,546,3,5,29046,742,95172,63940,6,39401,32176,812,659,63478,28164,728,8,18274,9,3,5,840,87615,179,408,1,53187,4,6,974,78236,917,9,971,79250,2,156,6,4,96358,2,97234,639,534,50142,28719]
instanceRandomization:[14,10,12,13,9,6,4,5,16,11,1,19,22,20,21,2,7,24,17,23,3,18,8,15,21,18,3,9,14,4,5,22,7,24,16,1,19,10,11,2,20,12,13,8,23,15,6,17,18,6,1,11,13,19,20,2,16,4,8,24,22,10,23,17,5,9,12,21,15,7,3,14]
cost:0
reward:1
