decision:1
size:0
numberOfTrials:24
numberOfBlocks:3
numberOfInstances:24
reward_amount:[1,1,1,1,1,1,1,1,1,1,1,1,1,1,1,1,1,1,1,1,1,1,1,1,1,1,1,1,1,1,1,1,1,1,1,1,1,1,1,1,1,1,1,1,1,1,1,1,1,1,1,1,1,1,1,1,1,1,1,1,1,1,1,1,1,1,1,1,1,1,1,1]
cost_digits:[5,2,9,352,95172,5,32176,67452,63940,295,28164,5,840,3,732,546,1,27814,8,179,12490,53187,476,408,50142,6,971,742,974,639,94105,17302,917,87615,871,39401,78236,3,18274,5,2,1,97234,812,916,4,2,9,534,25937,53014,4,95804,9,8,29046,96358,2,851,973,728,659,3,28719,6,927,6,3,140,156,63478,79250]
instanceRandomization:[3,22,8,16,7,4,19,10,24,14,20,21,17,15,5,9,11,23,2,6,12,13,18,1,3,20,24,22,2,15,11,17,4,18,13,1,16,14,8,6,12,9,21,10,19,5,7,23,7,6,15,19,4,18,13,5,9,10,8,3,12,11,24,14,16,21,17,1,20,23,2,22]
cost:1
reward:0
