decision:1
size:0
numberOfTrials:24
numberOfBlocks:3
numberOfInstances:24
reward_amount:[1,1,1,1,1,1,1,1,1,1,1,1,1,1,1,1,1,1,1,1,1,1,1,1,1,1,1,1,1,1,1,1,1,1,1,1,1,1,1,1,1,1,1,1,1,1,1,1,1,1,1,1,1,1,1,1,1,1,1,1,1,1,1,1,1,1,1,1,1,1,1,1]
cost_digits:[2,2,639,6,96358,916,87615,974,3,2,6,659,5,140,29046,25937,95804,973,27814,871,67452,3,39401,851,8,94105,32176,352,6,9,742,728,28719,95172,63940,732,927,1,9,408,50142,179,812,9,17302,5,63478,3,8,3,4,1,12490,5,840,971,2,53187,534,4,546,5,97234,156,476,18274,295,79250,53014,917,28164,78236]
instanceRandomization:[12,7,15,17,9,19,18,2,14,22,16,11,21,20,5,6,4,3,23,13,10,24,1,8,13,11,19,16,20,8,22,12,14,7,24,5,21,9,23,1,3,6,10,18,17,4,2,15,2,1,5,11,12,3,17,24,10,13,7,19,9,6,21,23,18,8,14,22,15,4,20,16]
cost:1
reward:0
