decision:1
size:0
numberOfTrials:24
numberOfBlocks:3
numberOfInstances:24
reward_amount:[1,1,1,1,1,1,1,1,1,1,1,1,1,1,1,1,1,1,1,1,1,1,1,1,1,1,1,1,1,1,1,1,1,1,1,1,1,1,1,1,1,1,1,1,1,1,1,1,1,1,1,1,1,1,1,1,1,1,1,1,1,1,1,1,1,1,1,1,1,1,1,1]
cost_digits:[28719,546,840,9,5,2,12490,4,95804,39401,140,78236,2,2,9,974,29046,871,659,973,97234,53014,476,3,917,4,3,8,94105,67452,851,3,50142,28164,9,27814,95172,17302,1,971,639,916,25937,8,742,927,2,352,295,6,812,156,63478,408,53187,534,32176,87615,6,1,728,6,79250,5,179,96358,732,5,63940,18274,5,3]
instanceRandomization:[14,9,17,23,6,10,12,19,4,1,20,16,22,7,8,2,5,13,11,3,21,15,18,24,4,5,14,13,11,10,8,1,3,20,18,23,7,17,9,24,15,19,6,2,22,21,12,16,14,20,10,23,2,1,13,7,19,18,16,11,12,17,22,3,6,9,5,4,24,8,21,15]
cost:1
reward:0
