decision:1
size:0
numberOfTrials:24
numberOfBlocks:3
numberOfInstances:24
reward_amount:[1,1,1,1,1,1,1,1,1,1,1,1,1,1,1,1,1,1,1,1,1,1,1,1,1,1,1,1,1,1,1,1,1,1,1,1,1,1,1,1,1,1,1,1,1,1,1,1,1,1,1,1,1,1,1,1,1,1,1,1,1,1,1,1,1,1,1,1,1,1,1,1]
cost_digits:[971,39401,96358,4,9,352,8,79250,534,27814,927,732,3,659,12490,5,95804,8,840,973,2,53014,9,28164,5,28719,2,639,63940,871,87615,6,812,2,63478,408,50142,32176,546,156,97234,179,851,4,1,6,17302,2,5,9,742,5,476,140,3,295,974,67452,53187,25937,94105,29046,917,916,6,3,1,3,18274,95172,728,78236]
instanceRandomization:[24,1,9,19,18,16,2,22,7,23,21,5,14,11,12,6,4,13,17,3,10,15,8,20,4,14,7,15,24,13,18,16,10,22,2,1,3,19,9,23,21,6,8,5,11,20,17,12,3,23,22,21,18,20,24,14,2,10,13,6,11,5,4,19,17,1,9,15,8,7,12,16]
cost:1
reward:0
