decision:1
size:0
numberOfTrials:24
numberOfBlocks:3
numberOfInstances:24
reward_amount:[1,1,1,1,1,1,1,1,1,1,1,1,1,1,1,1,1,1,1,1,1,1,1,1,1,1,1,1,1,1,1,1,1,1,1,1,1,1,1,1,1,1,1,1,1,1,1,1,1,1,1,1,1,1,1,1,1,1,1,1,1,1,1,1,1,1,1,1,1,1,1,1]
cost_digits:[2,476,2,3,3,5,728,3,97234,871,9,28719,6,96358,732,50142,974,840,659,78236,67452,25937,27814,916,742,63940,87615,6,4,352,927,32176,5,9,2,28164,63478,1,95804,534,53187,973,2,18274,639,408,3,546,8,812,17302,9,156,1,971,29046,6,179,39401,140,12490,5,8,917,4,851,95172,5,94105,53014,295,79250]
instanceRandomization:[7,18,22,1,15,4,12,24,21,13,8,14,20,9,5,3,2,17,11,16,10,6,23,19,22,24,18,17,5,16,21,19,6,23,10,20,2,11,4,7,13,3,12,8,15,1,14,9,2,10,17,18,23,9,24,5,16,6,1,20,12,3,13,4,19,8,7,21,11,15,14,22]
cost:1
reward:0
