decision:1
size:0
numberOfTrials:24
numberOfBlocks:3
numberOfInstances:24
reward_amount:[1,1,1,1,1,1,1,1,1,1,1,1,1,1,1,1,1,1,1,1,1,1,1,1,1,1,1,1,1,1,1,1,1,1,1,1,1,1,1,1,1,1,1,1,1,1,1,1,1,1,1,1,1,1,1,1,1,1,1,1,1,1,1,1,1,1,1,1,1,1,1,1]
cost_digits:[63478,639,534,3,95804,4,17302,352,9,50142,5,2,179,28164,53187,742,156,9,732,1,12490,546,3,28719,971,5,32176,97234,27814,78236,94105,974,6,87615,53014,25937,408,728,1,5,295,2,4,2,840,851,8,812,95172,6,871,916,5,2,8,9,3,63940,140,96358,29046,79250,67452,917,39401,659,6,973,18274,476,927,3]
instanceRandomization:[2,15,7,1,4,19,17,16,18,3,21,10,6,20,13,22,23,8,5,11,12,9,24,14,24,4,19,21,23,16,11,2,20,18,15,6,1,12,9,3,14,7,5,22,17,8,13,10,7,16,13,19,6,12,2,23,15,24,20,9,5,22,10,4,1,11,17,3,8,18,21,14]
cost:1
reward:0
