decision:1
size:0
numberOfTrials:24
numberOfBlocks:3
numberOfInstances:24
reward_amount:[1,1,1,1,1,1,1,1,1,1,1,1,1,1,1,1,1,1,1,1,1,1,1,1,1,1,1,1,1,1,1,1,1,1,1,1,1,1,1,1,1,1,1,1,1,1,1,1,1,1,1,1,1,1,1,1,1,1,1,1,1,1,1,1,1,1,1,1,1,1,1,1]
cost_digits:[1,79250,140,4,728,476,28719,973,53014,39401,5,9,25937,94105,8,97234,2,2,352,17302,871,971,732,9,5,659,6,851,12490,3,53187,3,156,95804,5,408,742,3,96358,28164,95172,6,812,916,179,29046,63478,9,2,3,917,32176,974,6,534,87615,67452,5,50142,2,27814,840,78236,546,927,63940,18274,4,295,639,1,8]
instanceRandomization:[9,22,20,19,12,18,14,3,15,1,4,23,6,11,2,21,7,10,16,17,13,24,5,8,3,11,16,8,12,24,13,15,23,4,21,1,22,14,9,20,7,17,10,19,6,5,2,18,22,1,4,19,2,20,7,18,10,6,3,12,23,17,16,9,21,24,8,5,14,15,11,13]
cost:1
reward:0
