decision:1
size:0
numberOfTrials:24
numberOfBlocks:3
numberOfInstances:24
reward_amount:[1,1,1,1,1,1,1,1,1,1,1,1,1,1,1,1,1,1,1,1,1,1,1,1,1,1,1,1,1,1,1,1,1,1,1,1,1,1,1,1,1,1,1,1,1,1,1,1,1,1,1,1,1,1,1,1,1,1,1,1,1,1,1,1,1,1,1,1,1,1,1,1]
cost_digits:[408,927,63940,9,3,2,17302,1,2,94105,8,27814,63478,78236,3,29046,812,5,95804,916,742,973,140,851,28164,87615,97234,728,1,5,6,25937,53014,732,871,95172,546,50142,9,6,295,2,971,3,156,67452,4,974,6,53187,4,179,534,659,5,12490,32176,2,476,18274,39401,28719,3,79250,917,840,8,352,9,96358,5,639]
instanceRandomization:[1,21,24,18,14,12,17,9,7,11,13,23,2,16,15,5,10,6,4,19,22,3,20,8,20,18,21,12,11,4,16,6,15,5,13,7,9,3,8,17,14,22,24,1,23,10,19,2,20,13,5,6,7,11,3,12,19,10,18,8,1,14,24,22,4,17,2,16,23,9,21,15]
cost:1
reward:0
