decision:1
size:0
numberOfTrials:24
numberOfBlocks:3
numberOfInstances:24
reward_amount:[1,1,1,1,1,1,1,1,1,1,1,1,1,1,1,1,1,1,1,1,1,1,1,1,1,1,1,1,1,1,1,1,1,1,1,1,1,1,1,1,1,1,1,1,1,1,1,1,1,1,1,1,1,1,1,1,1,1,1,1,1,1,1,1,1,1,1,1,1,1,1,1]
cost_digits:[5,28719,39401,3,179,2,5,9,32176,156,1,94105,812,476,5,871,53014,352,840,4,12490,534,63478,28164,916,851,971,6,53187,3,79250,639,97234,27814,5,659,8,96358,95172,6,732,917,728,9,67452,6,50142,3,1,17302,973,546,8,95804,78236,974,9,3,29046,927,18274,2,742,2,408,87615,63940,140,25937,2,4,295]
instanceRandomization:[3,14,1,24,6,22,4,8,19,23,9,11,10,18,21,13,15,16,17,5,12,7,2,20,19,8,24,16,13,1,22,15,21,23,6,11,2,9,7,20,5,4,12,18,10,17,3,14,11,17,3,9,13,4,16,2,23,15,5,21,8,7,22,10,1,18,24,20,6,12,19,14]
cost:1
reward:0
