decision:1
size:0
numberOfTrials:24
numberOfBlocks:3
numberOfInstances:24
reward_amount:[1,1,1,1,1,1,1,1,1,1,1,1,1,1,1,1,1,1,1,1,1,1,1,1,1,1,1,1,1,1,1,1,1,1,1,1,1,1,1,1,1,1,1,1,1,1,1,1,1,1,1,1,1,1,1,1,1,1,1,1,1,1,1,1,1,1,1,1,1,1,1,1]
cost_digits:[25937,63478,17302,4,659,9,6,295,546,95804,2,78236,8,812,50142,3,53014,534,4,27814,851,927,3,728,8,871,156,96358,29046,28164,5,3,79250,916,5,18274,352,840,63940,5,1,408,2,3,95172,12490,917,476,94105,67452,6,97234,639,9,2,974,2,140,971,87615,742,28719,179,1,6,53187,39401,9,5,32176,973,732]
instanceRandomization:[6,2,17,19,11,18,20,14,9,4,22,16,13,10,3,24,15,7,5,23,8,21,1,12,2,13,23,9,5,20,21,14,22,19,6,8,16,17,24,3,11,1,10,15,7,12,4,18,11,10,17,21,15,23,12,2,7,20,24,18,22,14,6,9,16,13,1,8,4,19,3,5]
cost:1
reward:0
