decision:1
size:0
numberOfTrials:24
numberOfBlocks:3
numberOfInstances:24
reward_amount:[1,1,1,1,1,1,1,1,1,1,1,1,1,1,1,1,1,1,1,1,1,1,1,1,1,1,1,1,1,1,1,1,1,1,1,1,1,1,1,1,1,1,1,1,1,1,1,1,1,1,1,1,1,1,1,1,1,1,1,1,1,1,1,1,1,1,1,1,1,1,1,1]
cost_digits:[971,2,8,27814,4,3,476,3,546,5,12490,659,9,95804,140,53187,2,352,295,973,97234,29046,17302,67452,53014,9,28164,32176,2,6,927,3,851,63940,6,5,871,408,2,96358,4,742,917,94105,534,156,63478,25937,95172,50142,1,840,5,812,974,5,78236,9,179,639,87615,79250,728,916,3,39401,1,732,8,6,18274,28719]
instanceRandomization:[24,7,2,23,19,1,18,15,9,6,12,11,8,4,20,13,22,16,14,3,21,5,17,10,15,18,20,19,10,16,21,14,8,24,17,3,13,1,12,9,5,22,4,11,7,23,2,6,7,3,9,17,21,10,2,4,16,23,6,15,18,22,12,19,24,1,11,5,13,20,8,14]
cost:1
reward:0
