decision:1
size:0
numberOfTrials:24
numberOfBlocks:3
numberOfInstances:24
reward_amount:[1,1,1,1,1,1,1,1,1,1,1,1,1,1,1,1,1,1,1,1,1,1,1,1,1,1,1,1,1,1,1,1,1,1,1,1,1,1,1,1,1,1,1,1,1,1,1,1,1,1,1,1,1,1,1,1,1,1,1,1,1,1,1,1,1,1,1,1,1,1,1,1]
cost_digits:[28719,840,927,53014,917,8,39401,4,1,9,974,28164,67452,6,179,3,728,96358,50142,9,851,2,79250,916,659,352,95172,812,9,3,6,12490,87615,546,639,156,5,6,732,5,63940,53187,63478,5,3,97234,32176,742,95804,871,25937,2,408,973,140,4,27814,8,2,2,1,295,476,18274,29046,971,78236,17302,94105,5,3,534]
instanceRandomization:[14,17,21,15,4,13,1,5,11,18,2,20,10,16,6,24,12,9,3,23,8,7,22,19,11,16,7,10,8,14,20,12,18,9,15,23,6,17,5,4,24,13,2,3,1,21,19,22,4,13,6,10,1,3,20,19,23,2,12,22,9,14,18,8,5,24,16,17,11,21,15,7]
cost:1
reward:0
