decision:1
size:0
numberOfTrials:24
numberOfBlocks:3
numberOfInstances:24
reward_amount:[1,1,1,1,1,1,1,1,1,1,1,1,1,1,1,1,1,1,1,1,1,1,1,1,1,1,1,1,1,1,1,1,1,1,1,1,1,1,1,1,1,1,1,1,1,1,1,1,1,1,1,1,1,1,1,1,1,1,1,1,1,1,1,1,1,1,1,1,1,1,1,1]
cost_digits:[63478,53187,3,25937,5,87615,2,295,742,96358,18274,67452,659,973,4,3,6,6,32176,971,6,156,728,927,840,29046,352,917,28164,974,871,5,53014,63940,812,12490,28719,9,1,9,5,9,2,916,1,50142,39401,534,95804,2,17302,639,4,476,851,79250,3,2,546,3,179,97234,5,8,408,8,27814,95172,732,94105,78236,140]
instanceRandomization:[2,13,15,6,4,18,7,14,22,9,8,10,11,3,5,1,16,20,19,24,17,23,12,21,17,5,16,4,20,2,13,21,15,24,10,12,14,18,11,8,6,23,22,19,9,3,1,7,4,12,17,15,19,18,8,22,14,10,9,24,6,21,3,13,1,2,23,7,5,11,16,20]
cost:1
reward:0
