decision:1
size:0
numberOfTrials:24
numberOfBlocks:3
numberOfInstances:24
reward_amount:[1,1,1,1,1,1,1,1,1,1,1,1,1,1,1,1,1,1,1,1,1,1,1,1,1,1,1,1,1,1,1,1,1,1,1,1,1,1,1,1,1,1,1,1,1,1,1,1,1,1,1,1,1,1,1,1,1,1,1,1,1,1,1,1,1,1,1,1,1,1,1,1]
cost_digits:[851,4,2,95804,840,27814,50142,927,39401,546,916,5,8,95172,53187,6,295,3,53014,12490,2,9,140,659,639,6,9,25937,96358,28164,974,3,871,2,973,63940,3,476,2,156,5,5,94105,67452,29046,742,352,32176,1,5,63478,728,6,28719,79250,97234,812,1,18274,732,4,534,9,971,917,87615,179,8,408,78236,17302,3]
instanceRandomization:[8,5,22,4,17,23,3,21,1,9,19,6,2,7,13,16,14,24,15,12,10,18,20,11,15,17,8,6,9,20,2,14,13,7,3,24,1,18,12,23,21,4,11,10,5,22,16,19,9,3,2,12,20,14,22,21,10,11,8,5,19,7,23,24,4,18,6,13,1,16,17,15]
cost:1
reward:0
