decision:1
size:0
numberOfTrials:24
numberOfBlocks:3
numberOfInstances:24
reward_amount:[1,1,1,1,1,1,1,1,1,1,1,1,1,1,1,1,1,1,1,1,1,1,1,1,1,1,1,1,1,1,1,1,1,1,1,1,1,1,1,1,1,1,1,1,1,1,1,1,1,1,1,1,1,1,1,1,1,1,1,1,1,1,1,1,1,1,1,1,1,1,1,1]
cost_digits:[917,156,53187,4,546,5,25937,3,6,659,67452,29046,2,927,2,9,974,9,140,295,63940,95172,39401,78236,27814,28164,2,1,87615,3,5,812,840,97234,50142,8,871,5,971,94105,53014,18274,742,916,728,352,4,3,9,17302,32176,63478,28719,179,732,6,95804,3,1,476,2,851,534,12490,8,639,5,408,6,973,96358,79250]
instanceRandomization:[4,23,13,19,9,3,6,15,17,11,10,5,22,21,12,8,2,18,20,14,24,7,1,16,23,20,7,9,18,14,6,10,17,21,3,2,13,4,24,11,15,8,22,19,12,16,5,1,23,17,19,2,14,6,5,20,4,24,11,18,10,8,7,12,13,15,21,1,16,3,9,22]
cost:1
reward:0
