decision:1
size:0
numberOfTrials:24
numberOfBlocks:3
numberOfInstances:24
reward_amount:[1,1,1,1,1,1,1,1,1,1,1,1,1,1,1,1,1,1,1,1,1,1,1,1,1,1,1,1,1,1,1,1,1,1,1,1,1,1,1,1,1,1,1,1,1,1,1,1,1,1,1,1,1,1,1,1,1,1,1,1,1,1,1,1,1,1,1,1,1,1,1,1]
cost_digits:[39401,5,5,728,67452,6,8,639,2,917,17302,295,916,732,63940,8,9,27814,534,25937,352,94105,87615,1,4,840,53014,95804,742,546,3,53187,974,2,179,50142,140,18274,3,156,1,97234,3,78236,4,95172,9,812,9,32176,851,927,971,6,871,2,5,96358,12490,63478,28164,659,2,3,973,408,28719,6,79250,5,29046,476]
instanceRandomization:[1,21,3,12,10,20,2,15,22,4,17,14,19,5,24,13,8,23,7,6,16,11,18,9,5,17,15,4,22,9,1,13,2,12,6,3,20,8,14,23,11,21,24,16,19,7,18,10,23,19,8,21,24,16,13,7,6,9,12,2,20,11,10,15,3,1,14,17,22,4,5,18]
cost:1
reward:0
