decision:1
size:0
numberOfTrials:24
numberOfBlocks:3
numberOfInstances:24
reward_amount:[1,1,1,1,1,1,1,1,1,1,1,1,1,1,1,1,1,1,1,1,1,1,1,1,1,1,1,1,1,1,1,1,1,1,1,1,1,1,1,1,1,1,1,1,1,1,1,1,1,1,1,1,1,1,1,1,1,1,1,1,1,1,1,1,1,1,1,1,1,1,1,1]
cost_digits:[96358,5,4,812,94105,851,17302,917,728,3,95172,732,871,79250,9,9,927,6,3,63940,63478,50142,352,3,1,5,29046,12490,742,476,32176,78236,6,973,53014,971,140,39401,2,2,295,8,156,9,974,95804,1,25937,6,18274,2,179,5,27814,534,97234,840,4,546,67452,659,8,5,408,87615,2,916,3,28164,639,28719,53187]
instanceRandomization:[9,6,19,10,11,8,17,4,12,14,7,5,13,22,23,18,21,20,15,24,2,3,16,1,11,21,5,12,22,18,19,16,17,3,15,24,20,1,10,7,14,13,23,8,2,4,9,6,16,8,22,6,4,23,7,21,17,5,9,10,11,2,3,1,18,12,19,24,20,15,14,13]
cost:1
reward:0
