decision:1
size:0
numberOfTrials:24
numberOfBlocks:3
numberOfInstances:24
reward_amount:[1,1,1,1,1,1,1,1,1,1,1,1,1,1,1,1,1,1,1,1,1,1,1,1,1,1,1,1,1,1,1,1,1,1,1,1,1,1,1,1,1,1,1,1,1,1,1,1,1,1,1,1,1,1,1,1,1,1,1,1,1,1,1,1,1,1,1,1,1,1,1,1]
cost_digits:[476,742,95804,871,6,6,5,156,28719,25937,916,534,2,50142,3,732,1,546,53014,63478,17302,12490,9,3,2,5,4,39401,6,295,27814,28164,659,1,53187,9,179,851,974,79250,97234,5,971,29046,2,352,639,67452,95172,973,63940,87615,812,917,3,2,96358,5,78236,3,18274,94105,728,8,840,9,927,8,32176,408,140,4]
instanceRandomization:[18,22,4,13,20,16,21,23,14,6,19,7,10,3,1,5,11,9,15,2,17,12,8,24,7,4,19,1,17,14,23,20,11,9,13,18,6,8,2,22,21,3,24,5,12,16,15,10,7,3,24,18,10,4,15,22,9,6,16,14,8,11,12,2,17,23,21,13,19,1,20,5]
cost:1
reward:0
