decision:1
size:0
numberOfTrials:24
numberOfBlocks:3
numberOfInstances:24
reward_amount:[1,1,1,1,1,1,1,1,1,1,1,1,1,1,1,1,1,1,1,1,1,1,1,1,1,1,1,1,1,1,1,1,1,1,1,1,1,1,1,1,1,1,1,1,1,1,1,1,1,1,1,1,1,1,1,1,1,1,1,1,1,1,1,1,1,1,1,1,1,1,1,1]
cost_digits:[95804,295,87615,728,3,17302,78236,5,53187,140,639,179,2,732,1,974,3,96358,9,4,9,50142,742,95172,408,27814,659,97234,9,28719,29046,840,5,6,3,32176,6,18274,2,917,971,63478,871,12490,973,1,2,812,63940,28164,25937,476,534,546,53014,352,79250,927,156,6,67452,4,916,851,5,8,2,8,3,94105,5,39401]
instanceRandomization:[4,14,18,12,24,17,16,21,13,20,15,6,10,5,11,2,1,9,23,19,8,3,22,7,1,23,11,21,18,14,5,17,6,20,15,19,16,8,22,4,24,2,13,12,3,9,7,10,24,20,6,18,7,9,15,16,22,21,23,17,10,5,19,8,4,13,12,2,14,11,3,1]
cost:1
reward:0
