decision:1
size:0
numberOfTrials:24
numberOfBlocks:3
numberOfInstances:24
reward_amount:[1,1,1,1,1,1,1,1,1,1,1,1,1,1,1,1,1,1,1,1,1,1,1,1,1,1,1,1,1,1,1,1,1,1,1,1,1,1,1,1,1,1,1,1,1,1,1,1,1,1,1,1,1,1,1,1,1,1,1,1,1,1,1,1,1,1,1,1,1,1,1,1]
cost_digits:[728,63478,9,53014,840,79250,140,4,2,295,53187,5,94105,179,9,67452,917,96358,5,971,78236,408,4,9,6,871,3,974,546,476,973,5,39401,2,95172,927,27814,63940,25937,732,6,659,32176,2,2,6,28719,18274,87615,1,97234,28164,8,50142,95804,534,3,1,3,352,639,3,29046,156,916,812,742,17302,851,12490,5,8]
instanceRandomization:[12,2,23,15,17,22,20,19,7,14,13,3,11,6,18,10,4,9,21,24,16,1,5,8,16,13,15,2,9,18,3,4,1,12,7,21,23,24,6,5,17,11,19,22,10,20,14,8,18,11,21,20,13,3,4,7,14,9,1,16,15,24,5,23,19,10,22,17,8,12,6,2]
cost:1
reward:0
